105
1000000000 2
999999999 100
8 3
968261572 81
4 1
3 6
3 7
1 100
142120133 69
202 100
186260212 39
196 99
97 99
3 2
3 3
4 9
7 3
100 100
102 99
1 1
101 100
1 10
5 3
100 99
201 100
197 100
103 100
417021999 1
2 5
2 3
1 31
97 100
101 99
98 99
1000000000 94
27387596 54
203 100
5 1
96 99
3 4
197550894 70
1000000000 1
2 4
997184809 100
9 3
6 3
2 100
3 5
198 99
999999999 1
59243198 88
999999999 99
345560726 67
4 2
876389147 87
1 2
199 99
3 1
1000000000 3
3 100
200 100
1000000000 100
4 5
99 99
200 99
999999999 2
671654092 96
6 2
98 100
1000000000 99
99 100
198 100
273049978 17
236088977 100
5 2
197 99
201 99
1 99
4 8
593065517 43
102 100
199 100
999999999 3
1 73
4 3
114382 1
4 4
4 7
3 99
894606664 83
412538846 2
2 99
670528042 10
146755893 1
2 1
128124448 100
692322617 52
7 2
4 6
1000000000 40
195 99
138 6
1 3
2 2
800744567 72
