100
383 4
177 61
537 11
1000 5
239 20
906 56
143 26
81 39
1000 99
124 68
2 50
551 71
824 54
70 56
109 76
748 77
398 61
295 30
2 1
964 38
871 75
453 71
758 85
254 30
2 95
838 46
484 74
40 62
875 93
2 3
3 10
786 52
497 91
716 10
894 97
744 3
319 10
270 26
918 38
424 35
285 29
2 4
684 94
95 37
494 92
452 71
363 69
451 5
2 99
1000 1
793 69
1000 98
2 98
808 71
635 54
355 11
555 27
728 33
835 62
171 6
958 86
79 65
2 5
582 60
1000 4
1000 3
397 40
362 76
755 11
740 92
2 97
642 34
981 68
372 41
978 10
1000 97
500 44
289 48
30 46
853 50
598 42
245 99
924 39
2 2
1000 2
120 75
289 65
911 80
440 28
915 30
912 68
387 98
2 96
1000 95
950 95
226 22
712 1
1000 96
252 96
13 37
